40753686
40777060
40777069
40777073
40809740
40958733
40958748
40958754
40958767
40966448
41007581
41007589
41007602
41007608
41048083
41048103
41048093
41048113
41048129
41048143
41048147
41048158
41048173
41048181
41048193
41048225
41048230
41048240
41048249
41048262
41069053
41069074
41069077
41069117
41069088
41069099
41069127
41069146
41069130
41069161
41069168
41069175
41097980
41097994
41097984
41098053
41098046
41098001
41098062
41098090
41098110
41098140
41098086
41098157
41124801
41098171
41124824
41098184
41098190
41124857
41124923
41125040
41125106
41125135
41125262
41125231
41125303
41125385
41125438
41125501
41125512
41125591
41125642
41125829
41125564
41125886
41125923
41125976
41126383
41126307
41126401
41126359
41126312
41126417
41126458
41126446
41126466
41126494
41126510
41126543
41126518
41126533
41126554
41126567
41126585
41126603
41126684
41126621
41126645
41126665
41126689
41126705
41126728
41126723
41126739
41126757
41126786
41126819
41126831
41126805
41126777
41126860
41126872
41126895
41126901
41126916
41126979
41126944
41126970
41126992
41127005
41127025
41127074
41127057
41127098
41159362
41159382
41159412
41159420
41159391
41159448
41159465
41159493
41159526
41159630
41159611
41159589
41159643
41159623
41159654
41159664
41159723
41159687
41159703
41159757
41159694
41159825
41159772
41159862
41159848
41159846
41159868
41159828
41159871
41165734
41159887
41249059
41249060
41254551
41254632
41254564
41254682
41254615
41254697
41254727
41254810
41254925
41254954
41254783
41254893
41291635
41291626
41418135
41291642
41392195
41418140
42444499
42444490
42444517
41418155
42444511
42444696
42444703
42444574
42444709
42444735
42444754
42444751
42444793
42444767
42444721
42444524
42444789
42444806
42444819
42444826
42444771
42444837
42444860
42444869
42444875
42444887
42444896
42444916
42444849
42444925
42444932
42444907
42445060
42444996
42445093
42445002
42445092
42445081
42445040
42445071
42445132
42445125
42445147
42445180
42445105
42445428
42445173
42445051
42445444
42445476
42445198
42445482
42445454
42445494
42445513
42445487
42445585
42445594
42445642
42445612
42445590
42445695
42445615
42445692
42445677
42445728
42445769
42445785
42445788
42445689
42445745
42445716
42445902
42445804
42445873
42445796
42445848
42445720
42445862
42445882
42445884
42445954
42445894
42445935
42445997
42445927
42446017
42445970
42446050
42446039
42446097
42446061
42446478
42446140
42446159
42446078
42445918
42446586
42446485
42446588
42446598
42446488
42447221
42446442
42446495
42446445
42447258
42447230
42447275
42447320
42897405
42447202
42446574
42446607
42897419
42897439
42447308
42897422
42897479
42897455
42897480
42897512
42897590
42897622
42897560
42897607
42897653
42897675
42897666
42897728
42897776
42897785
42897769
42897713
42897736
42897737
42897600
42897631
42897757
42897818
42897830
42897890
42897851
42897873
42897804
42897921
42897876
42897928
42897986
42898006
42897849
42897947
42897945
42898024
42897930
42897916
42897967
42898061
42897996
42898037
42898045
42897971
42898055
42898068
42898100
42898087
42898075
42898125
42898097
42898191
42898171
42898141
42898160
42898163
42898203
42898332
42898340
42898234
42898247
42898360
42898256
42898370
42898216
42898384
42898393
42898348
42898405
42898437
42898372
42898242
42898448
42898555
42898454
42898439
42898427
42898526
42898596
42898501
42898616
42898577
42898470
42898510
42898635
42898687
42898667
42898625
42898679
42898701
42898714
42898722
42898760
42898710
42898655
42898684
42898762
42898728
42898738
42898801
42898792
42898966
42898936
42898752
42898943
42899019
42898785
42898802
42899022
42899060
42898930
42899043
42898917
42899003
42898972
42898990
42898980
42899055
42899071
42899126
42899109
42899063
42899120
42899034
42899287
42899268
42899144
42899184
42899235
42899305
42899168
42899132
42899284
42899154
42899216
42899317
42899300
42899215
42899198
42899265
42899175
42899353
42899325
42899357
42899264
42899250
42899490
42899362
42899525
42899333
42899453
42899477
42899450
42899439
42899511
42899432
42899529
42899430
42899577
42899550
42899491
42899596
42899563
42899584
42899603
42899640
42899542
42899799
42899819
42899750
42899763
42899780
42899767
42899632
42899814
42899670
42899900
42899789
42899875
42899844
42899854
42899653
42899864
42899913
42899920
42899657
42899879
42899828
42899906
42923229
42899950
42923203
42923211
43649426
42923226
43649399
42899957
43649382
43649408
42899936
43649384
43649609
43649451
42899975
43649590
43649480
43649615
43649647
43649685
43649459
43649662
43649598
43649732
43649755
43649802
43649729
43649714
43828254
43649634
43649762
43828144
43649775
43649686
43828154
43828265
43649794
43828250
43828334
43828351
43828233
43828324
43828270
43828402
43828168
43828456
43828361
43828423
43828437
43828311
43828393
43828520
43828381
43828369
43828449
43828584
43828464
43828496
43895896
43828478
43828507
43828554
43828571
43828565
43895911
43828593
43895978
43895921
43895884
43895947
43895868
43895960
43896101
43895910
43895943
43896042
43896024
43895987
43896019
43896188
43896066
43896121
43896075
43896096
43896215
43896209
43896009
43896247
43896161
43896176
43896231
43896344
43896196
43896174
43896133
43896229
43896310
43896264
43896256
43896404
43896384
43896358
43896284
43896326
43896330
43896378
43896395
43896365
43896461
43896416
43896527
43896426
43896494
43896477
43896538
43896449
43896556
44358230
44358112
43896515
43896517
43896484
43896587
43896550
44358259
44358207
44358121
44358170
44358222
44358243
44358162
44358289
44358253
44358397
44358263
44358297
44358419
44358386
44358281
44358341
44358327
44358333
44358407
44358362
44358472
44358567
44358480
44358428
44358575
44358373
44358593
44358710
44358691
44358596
44358624
44796201
44358630
44358719
44358645
44358731
44796190
44796208
44358661
44796216
44796254
44796298
44796227
44796235
44796279
44796326
44796332
44796246
44796291
44796348
44796422
44796358
44796392
44796374
44796427
44796446
44796310
44796450
44796487
44796463
44796483
44796520
44796475
44796596
44796585
44796507
44796575
44796498
45260892
44796692
44796562
45260873
44796730
45261078
44796722
44796752
45260981
45261042
45261008
45261027
45260999
45260952
45260938
45261080
45261060
45261241
45261108
45261066
45261169
45261203
45261153
45261265
45261281
45261290
45261228
45261294
45261252
45261326
45261329
45261397
45261358
45261378
45261544
45261413
45261344
45261314
45261490
45261527
45261495
45261507
45261565
45261457
45261556
45261598
45261665
45261653
45261533
45261644
45261710
45261672
45261682
45662796
45261689
45662806
45261725
45662826
45662875
45662886
45662835
45662813
45662950
45662995
45662846
45663044
45662908
45662890
45663317
45663248
45663010
45663257
45662962
45663053
47115164
45663347
45663397
45663206
45663322
45663376
47115137
45663340
47115131
47115156
45663387
47115180
47115148
47115197
47115118
47115201
47115222
45663415
47115256
47115238
47115338
47115518
47115362
47115422
47115217
47115623
47115358
47115575
47115260
47115401
47115379
47115321
47115442
47115508
47115482
47115299
47204271
47115287
47204291
47204319
47204341
47204305
47115412
47204398
47204350
47204330
47115650
47204426
47115624
47204585
47204449
47204407
47204623
47204535
47204392
47204482
47204686
47204522
47204494
47204381
47204517
47204736
47204747
47204678
47204816
47204656
47204783
47204874
47204795
47204437
47204842
47204763
47204856
47204836
47204861
47204730
47204828
47331028
47204919
47331003
47330995
47331048
47204888
47331133
47331128
47331040
47331140
47331093
47331010
47331103
47331146
47331188
47331158
47331035
47331183
47331084
47204901
47331231
47331207
47331226
47331175
47331251
47331211
47331169
47331239
47331294
47331380
47331347
47331355
47331399
47331409
47331430
47331393
47331495
47331476
47331522
47331281
47331491
47331557
47331508
47331560
47331591
47331524
47331422
47331365
47331622
47331617
47331603
47331765
47331575
47331684
47331277
47331710
47331631
47331544
47331771
47331793
47331696
47331606
47331784
47331705
47331889
47331800
47331536
47331880
47331910
47331901
47332016
47331918
47331920
47331931
47331815
47332044
47332025
47332066
47332062
47331936
47332092
47332134
47332075
47332107
47331947
47332049
47332113
47332147
47332125
47332161
47332195
47332187
47332083
47332183
47332298
47332235
47332241
47332158
47332311
47332226
47332305
47332324
47332384
47332321
47332412
47332207
47332295
47332415
47332454
47332452
47332481
47332401
47332430
47332526
47332469
47332552
47332508
47332501
47332461
47332487
47332563
47332636
47332545
47332597
47332397
47332609
47332645
47332591
47332653
47332561
47332691
47332708
47332704
47332766
47332622
47332522
47332437
47332795
47332758
47332837
47332810
47332581
47332778
47333213
47332748
47332929
47333018
47333031
47333040
47333058
47332988
47333122
47333003
47333115
47332819
47332980
47333111
47332951
47332940
47333166
47333053
47333148
47333159
47332952
47333175
47332990
47333195
47333133
47333222
47333249
47333292
47333206
47333265
47333239
47333283
47333323
47333331
47333484
47333357
47333319
47333277
47333512
47333523
47333565
47333589
47333637
47333364
47333618
47333561
47333625
47333649
47333686
47333477
47333462
47333372
47333600
47333473
47333673
47333708
47333762
47333497
47333574
47333699
47333753
47333764
47333665
47333718
47333747
47333785
47333778
47333967
47333659
47333815
47333731
47333840
47333803
47333892
47333862
47333997
47334024
47333870
47333876
47333827
47333996
47333949
47333963
47334040
47334068
47334080
47334148
47333974
47333847
47334158
47334131
47334172
47334004
47334057
47334050
47334032
47334167
47334213
47334194
47334154
47334222
47334185
47334311
47334285
47334205
47334332
47334326
47334318
47334342
47334354
47334392
47334344
47334491
47334267
47334305
47334469
47334544
47334514
47334558
47334482
47334493
47334420
47334590
47334400
47334525
47334646
47334539
47334461
47334696
47334601
47334609
47334565
47334659
47334655
47334669
47334627
47334698
47334615
47334587
47334689
47334712
47334720
47334733
47334817
47334783
47334737
47334849
47334801
47334749
47334764
47334867
47334842
47334767
47334834
47334794
47334958
47334860
47334917
47334900
47334891
47334947
47334921
47334963
47334880
47429670
47429650
47429682
47334906
47334882
47429702
47429725
47429694
47429686
47429738
47429773
47429758
47429752
47429665
47429809
47429720
47334935
47429889
47429821
47430067
47429860
47429846
47429835
47429799
47429871
47429786
47430088
47429827
47429766
47429962
47430097
47429952
47430074
47429941
47430107
47429886
47430130
47430058
47429959
47429854
47430101
47430168
47430192
47430137
47430213
47430165
47430199
47430228
47430236
47430154
47430318
47430221
47430262
47430188
47430327
47430395
47430298
47430441
47430414
47430246
47430399
47430455
47430288
47430382
47430496
47430313
47430530
47430544
47430538
47430427
47430566
47430509
47430578
47430519
47430658
47430588
47430646
47430640
47430694
47430679
47430699
47430602
47430777
47430731
47430689
47430552
47430613
47430778
47430746
47430657
47430809
47430818
47430769
47430726
47430633
47430795
47430843
47430822
47430590
47430713
47430884
47430900
47430848
47430789
47430857
47430931
47430878
47430935
47430942
47430740
47430896
47430917
47430831
47430948
47431072
47431041
47431090
47430962
47431082
47431113
47431155
47431034
47431123
47431047
47431200
47431169
47430971
47431103
47669878
47431194
47431148
47431167
47431138
47430978
47669901
47669880
47669911
47669925
47670002
47669856
47670057
47669980
47670039
47670023
47670011
47669937
47669943
47670063
47670105
47670183
47670244
47670048
47670195
47669968
47670124
47670158
47895191
47670305
47895184
47895250
47670224
47670318
47670134
47895207
47895231
47670269
47670171
47895196
47895258
47670186
47670073
47670346
47670358
47670293
47895286
47670233
47895312
47895221
47670323
47895331
47895279
47895466
47895318
47895305
47895446
47895478
47895500
47895579
47895506
47895521
47895476
47895493
47895585
47895626
47895609
47895572
47895635
47895614
47895667
47895591
47895680
47895704
47895653
47895719
47895661
47895713
47895837
47895787
47895825
47895700
47895859
47895796
47895866
47895951
47895876
47895911
47895944
47895932
47895979
47895962
48017811
47895818
47895833
48017972
48017829
47895891
48017888
48017998
48017977
48017890
48018065
48018121
48017903
48018023
47895900
48018084
48018166
48018067
48018156
48017956
48017986
48018018
48018196
48018187
48018098
48018109
48018005
48017963
48018113
48018203
48018210
48018227
48018238
48018090
48018269
48018415
48018318
48018340
48018250
48018242
48018273
48018403
48018308
48018456
48018311
48018427
48018473
48018407
48018462
48018291
48018331
48018443
48018284
48018500
48018523
48018512
48018544
48018591
48018549
48018596
48018643
48018632
48018509
48018538
48018585
48018532
48018720
48018705
48018713
48018612
48018616
48018484
48018750
48018811
48018758
48018776
48018771
48018815
48018790
48018883
48018937
48458219
48018889
48018851
48018693
48018829
48018838
48018846
48018899
48458221
48458231
48018923
48018800
48458202
48458251
48018869
48018915
48458451
48458519
48458295
48458259
48458369
48458330
48458311
48458500
48458286
48458617
48458556
48458315
48458524
48458612
48458584
48458440
48458566
48458597
48458639
48458675
48458626
48458730
48458717
48458781
48458706
48458756
48458690
48458772
